date,publication_date,dosen_kumulativ,personen_erst_kumulativ,personen_voll_kumulativ,dosen_biontech_kumulativ,dosen_erst_biontech_kumulativ,dosen_voll_biontech_kumulativ,dosen_moderna_kumulativ,dosen_erst_moderna_kumulativ,dosen_voll_moderna_kumulativ,dosen_astrazeneca_kumulativ,dosen_erst_astrazeneca_kumulativ,dosen_voll_astrazeneca_kumulativ,indikation_alter_dosen,indikation_alter_erst,indikation_alter_voll,indikation_beruf_dosen,indikation_beruf_erst,indikation_beruf_voll,indikation_medizinisch_dosen,indikation_medizinisch_erst,indikation_medizinisch_voll,indikation_pflegeheim_dosen,indikation_pflegeheim_erst,indikation_pflegeheim_voll,dosen_differenz_zum_vortag,dosen_erst_differenz_zum_vortag,dosen_voll_differenz_zum_vortag,impf_quote_dosen,impf_quote_erst,impf_quote_voll,impf_inzidenz_dosen,impf_inzidenz_erst,impf_inzidenz_voll
2020-12-27,2020-12-28 16:15,1504,1504,0,1504,1504,0,0,0,0,0,0,0,669,669,0,644,644,0,0,0,0,847,847,0,1357,,,0.06852616797476925,0.06852616797476925,0,0.6852616797476925,0.6852616797476925,0
2020-12-28,2020-12-29 08:00,3985,3985,0,3985,3985,0,0,0,0,0,0,0,1592,1592,0,1678,1678,0,124,124,0,2292,2292,0,2481,,,0.1815670075661273,0.1815670075661273,0,1.815670075661273,1.815670075661273,0
2020-12-30,2020-12-31 08:30,10100,10100,0,10100,10100,0,0,0,0,0,0,0,3107,3107,0,5068,5068,0,300,300,0,4815,4815,0,2813,,,0.46018237802205414,0.46018237802205414,0,4.601823780220541,4.601823780220541,0
2020-12-31,2021-01-01 12:30,11146,11146,0,11146,11146,0,0,0,0,0,0,0,3506,3506,0,5582,5582,0,458,458,0,5346,5346,0,1046,,,0.5078408698449322,0.5078408698449322,0,5.078408698449322,5.078408698449322,0
2021-01-01,2021-01-02 08:00,11771,11771,0,11771,11771,0,0,0,0,0,0,0,3782,3782,0,5760,5760,0,495,495,0,5793,5793,0,625,,,0.5363175021482771,0.5363175021482771,0,5.363175021482771,5.363175021482771,0
2021-01-02,2021-01-03 08:00,12822,12822,0,12822,12822,0,0,0,0,0,0,0,4237,4237,0,6194,6194,0,546,546,0,6410,6410,0,1051,,,0.584203807029582,0.584203807029582,0,5.8420380702958195,5.8420380702958195,0
2021-01-03,2021-01-04 12:00,13366,13366,0,13366,13366,0,0,0,0,0,0,0,4391,4391,0,6446,6446,0,562,562,0,6702,6702,0,544,,,0.6089898677864134,0.6089898677864134,0,6.089898677864134,6.089898677864134,0
2021-01-04,2021-01-05 12:00,15628,15628,0,15628,15628,0,0,0,0,0,0,0,4967,4967,0,7523,7523,0,649,649,0,7804,7804,0,2262,,,0.7120524954186794,0.7120524954186794,0,7.120524954186794,7.120524954186794,0
2021-01-05,2021-01-06 11:00,17123,17123,0,17123,17123,0,0,0,0,0,0,0,5402,5402,0,8196,8196,0,738,738,0,8588,8588,0,1495,,,0.7801685998882805,0.7801685998882805,0,7.801685998882805,7.801685998882805,0
2021-01-06,2021-01-07 11:00,17624,17624,0,17624,17624,0,0,0,0,0,0,0,5569,5569,0,8461,8461,0,738,738,0,8818,8818,0,501,,,0.8029954683426418,0.8029954683426418,0,8.029954683426418,8.029954683426418,0
2021-01-07,2021-01-08 11:00,19399,19399,0,19399,19399,0,0,0,0,0,0,0,6008,6008,0,9554,9554,0,783,783,0,9500,9500,0,1775,,,0.8838691040841414,0.8838691040841414,0,8.838691040841415,8.838691040841415,0
2021-01-08,2021-01-09 11:00,20799,20799,0,20799,20799,0,0,0,0,0,0,0,6427,6427,0,10228,10228,0,987,987,0,10214,10214,0,1400,,,0.947656760443634,0.947656760443634,0,9.47656760443634,9.476567604436342,0
2021-01-10,2021-01-11 11:00,21914,21914,0,21914,21914,0,0,0,0,0,0,0,6860,6860,0,10787,10787,0,1057,1057,0,10698,10698,0,0,,,0.9984590724728014,0.9984590724728014,0,9.984590724728013,9.984590724728013,0
2021-01-11,2021-01-12 11:00,24413,24413,0,24413,24413,0,0,0,0,0,0,0,7572,7572,0,11977,11977,0,1075,1075,0,11655,11655,0,2499,,,1.1123200390744958,1.1123200390744958,0,11.123200390744957,11.123200390744957,0
2021-01-12,2021-01-13 11:00,27320,27320,0,27320,27320,0,0,0,0,0,0,0,8533,8533,0,13373,13373,0,1178,1178,0,12736,12736,0,2907,,,1.2447705512438136,1.2447705512438136,0,12.447705512438137,12.447705512438137,0
2021-01-13,2021-01-14 11:00,29448,29448,0,29448,29448,0,0,0,0,0,0,0,9342,9342,0,14226,14226,0,1274,1274,0,13632,13632,0,2128,,,1.3417277889102426,1.3417277889102426,0,13.417277889102426,13.417277889102426,0
2021-01-14,2021-01-15 11:00,31723,31723,0,31723,31723,0,0,0,0,0,0,0,10103,10103,0,15590,15590,0,1311,1311,0,14302,14302,0,2275,,,1.4453827304944182,1.4453827304944182,0,14.45382730494418,14.453827304944182,0
2021-01-15,2021-01-16 11:00,33182,33182,0,33182,33182,0,0,0,0,0,0,0,10605,10605,0,16378,16378,0,1352,1352,0,14678,14678,0,1459,,,1.5118585809433465,1.5118585809433465,0,15.118585809433466,15.118585809433466,0
2021-01-17,2021-01-18 11:00,33827,33148,679,33827,33148,679,0,0,0,0,0,0,10856,10575,281,16557,16277,280,1566,1372,194,14968,14609,359,,21,624,1.5412464654803986,1.5103094521460445,0.030937013334353936,15.412464654803985,15.103094521460445,0.30937013334353936
2021-01-18,2021-01-19 14:00,37338,34411,2927,37338,34411,2927,0,0,0,0,0,0,12298,11204,1094,18056,16733,1323,1646,1437,209,16424,15002,1422,,1263,2248,1.701216795107669,1.567855030704644,0.133361764403025,17.01216795107669,15.67855030704644,1.3336176440302498
2021-01-19,2021-01-20 10:00,41572,35940,5632,41272,35640,5632,300,300,0,0,0,0,13565,11792,1773,20533,17506,3027,1773,1477,296,17727,15423,2304,,1529,2705,1.894128892983449,1.637520263971547,0.25660862901190185,18.94128892983449,16.37520263971547,2.5660862901190185
2021-01-20,2021-01-21 10:00,46496,38749,7747,46196,38449,7747,300,300,0,0,0,0,15052,12602,2450,23052,18915,4137,2150,1750,400,19218,16074,3144,,2809,2115,2.1184791929221216,1.7655056401957006,0.3529735527264211,21.184791929221216,17.655056401957005,3.529735527264211
2021-01-21,2021-01-22 10:00,49234,40226,9008,48934,39926,9008,300,300,0,0,0,0,16153,13089,3064,24166,19508,4658,2292,1806,486,20403,16519,3884,,1477,1261,2.243229623716615,1.8328016176549653,0.41042800606164986,22.432296237166153,18.328016176549653,4.104280060616499
2021-01-22,2021-01-23 10:00,51859,41742,10117,51559,41442,10117,300,300,0,0,0,0,17002,13584,3418,25615,20411,5204,2490,1886,604,21176,16728,4448,,1516,1109,2.362831479390664,1.9018745369699588,0.4609569424207051,23.62831479390664,19.018745369699587,4.609569424207051
2021-01-24,2021-01-25 10:00,53631,42149,11482,53331,41849,11482,300,300,0,0,0,0,17585,13671,3914,26647,20688,5959,2642,1891,751,21774,16838,4936,,71,621,2.4435684272971074,1.920418519925897,0.5231499073712105,24.435684272971073,19.20418519925897,5.231499073712104
2021-01-25,2021-01-26 10:00,56802,43795,13007,56227,43220,13007,575,575,0,0,0,0,18431,14158,4273,28739,22031,6708,2730,1920,810,22651,16955,5696,,1646,1525,2.588047468951358,1.9954145787599864,0.5926328901913721,25.880474689513584,19.954145787599863,5.92632890191372
2021-01-26,2021-01-27 10:00,59750,45020,14730,59175,44445,14730,575,575,0,0,0,0,19525,14741,4784,30178,22640,7538,2873,1926,947,23448,17018,6430,,1225,1723,2.722366048199776,2.051228778074542,0.6711372701252334,27.223660481997758,20.51228778074542,6.711372701252334
2021-01-27,2021-01-28 10:00,62530,46795,15735,61955,46220,15735,575,575,0,0,0,0,20651,15600,5051,31367,23406,7961,3056,2021,1035,24338,17382,6956,,1775,1005,2.849030108685054,2.1321024138160416,0.7169276948690121,28.49030108685054,21.321024138160418,7.16927694869012
2021-01-28,2021-01-29 10:00,65242,48228,17014,64667,47653,17014,575,575,0,0,0,0,21641,16198,5443,32488,23870,8618,3163,2075,1088,25169,17645,7524,,1433,1279,2.9725959115757283,2.1973936363611513,0.7752022752145771,29.725959115757284,21.97393636361151,7.752022752145772
2021-01-29,2021-01-30 10:00,68748,49587,19161,68173,49012,19161,575,575,0,0,0,0,22696,16569,6127,34582,24824,9758,3396,2094,1302,26223,17748,8475,,1359,2147,3.132338428144572,2.2593132256415442,0.8730252025030276,31.32338428144572,22.593132256415444,8.730252025030277
2021-01-31,2021-02-01 10:00,70505,50324,20181,69930,49749,20181,575,575,0,0,0,0,23226,16822,6404,35323,25188,10135,3656,2118,1538,27160,18119,9041,,314,433,3.2123919368757354,2.2928928704536484,0.9194990664220866,32.123919368757356,22.92892870453649,9.194990664220866
2021-02-01,2021-02-02 10:00,73687,51791,21896,73079,51183,21896,608,608,0,0,0,0,24333,17502,6831,37106,25920,11186,3718,2162,1556,27859,18362,9497,,1467,1715,3.357372167258525,2.35973322179606,0.997638945462465,33.57372167258525,23.5973322179606,9.97638945462465
2021-02-02,2021-02-03 10:00,76834,52824,24010,76226,52216,24010,608,608,0,0,0,0,25532,18031,7501,38644,26323,12321,3834,2247,1587,28899,18722,10177,,1033,2114,3.5007577062323274,2.4067993996670283,1.093958306565299,35.00757706232327,24.067993996670285,10.93958306565299
2021-02-03,2021-02-04 10:00,80627,54328,26299,79715,53416,26299,912,912,0,0,0,0,26746,18545,8201,40642,27123,13519,4065,2315,1750,29799,18979,10820,,1504,2289,3.673576692354867,2.4753255676417973,1.1982511247130694,36.735766923548674,24.753255676417975,11.982511247130695
2021-02-04,2021-02-05 10:00,83784,55706,28078,82456,54378,28078,1328,1328,0,0,0,0,28130,19328,8802,41988,27699,14289,4129,2329,1800,30698,19091,11607,,1378,1779,3.817417857445523,2.5381108465442126,1.2793070109013105,38.17417857445523,25.381108465442125,12.793070109013104
2021-02-05,2021-02-06 10:00,86527,57355,29172,84981,55809,29172,1546,1546,0,0,0,0,29192,19941,9251,43579,28696,14883,4201,2378,1823,31144,19308,11836,,1649,1094,3.9423961012984434,2.6132435932133578,1.3291525080850854,39.423961012984435,26.13243593213358,13.291525080850855
2021-02-07,2021-02-08 11:00,86983,57485,29498,85437,55939,29498,1546,1546,0,0,0,0,29376,19963,9413,43794,28796,14998,4258,2386,1872,31385,19338,12047,,85,165,3.9631726522269637,2.6191667327324537,1.3440059194945102,39.63172652226964,26.191667327324534,13.440059194945102
2021-02-08,2021-02-09 10:00,88726,58214,30512,86880,56668,30212,1846,1546,300,0,0,0,29991,20283,9708,44716,29099,15617,4317,2390,1927,31755,19498,12257,,729,1014,4.042588284394532,2.6523818766510754,1.390206407743457,40.425882843945324,26.52381876651075,13.90206407743457
2021-02-09,2021-02-10 10:00,90979,59110,31869,89133,57564,31569,1846,1546,300,0,0,0,31236,20833,10403,45527,29379,16148,4710,2744,1966,32517,19964,12553,,896,1357,4.14524084852163,2.6932059767211505,1.4520348718004794,41.4524084852163,26.932059767211506,14.520348718004795
2021-02-10,2021-02-11 10:00,94397,60685,33712,92117,58705,33412,1911,1611,300,369,369,0,32899,21647,11252,46553,29685,16868,4908,2801,2107,33737,20543,13194,,1575,1843,4.300973855262162,2.76496709012558,1.5360067651365832,43.00973855262163,27.649670901255796,15.36006765136583
2021-02-11,2021-02-12 10:00,98516,63204,35312,95557,60545,35012,1911,1611,300,1048,1048,0,34632,22653,11979,48512,30889,17623,5171,2981,2190,34896,21353,13543,,2519,1600,4.488646252794127,2.879739308960981,1.6089069438331463,44.88646252794127,28.797393089609812,16.08906943833146
2021-02-12,2021-02-13 08:00,103859,66644,37215,98660,61808,36852,1974,1611,363,3225,3225,0,36037,23291,12746,52110,33504,18606,5294,3019,2275,35919,22103,13816,,3440,1903,4.732087287028962,3.036474693158592,1.6956125938703708,47.32087287028963,30.364746931585916,16.956125938703707
2021-02-14,2021-02-15 08:00,105544,67797,37747,100331,62947,37384,1974,1611,363,3239,3239,0,36515,23669,12846,53185,34195,18990,5294,3019,2275,36305,22405,13900,,0,0,4.8088602877187805,3.0890083844318026,1.719851903286978,48.0886028771878,30.890083844318024,17.19851903286978
2021-02-15,2021-02-16 08:00,109200,69639,39561,103714,64578,39136,2039,1614,425,3447,3447,0,37858,24414,13444,55008,34964,20044,5551,3204,2347,37067,22890,14177,,1842,1814,4.975437196040427,3.1729347151562206,1.8025024808842063,49.75437196040427,31.729347151562205,18.025024808842062
2021-02-16,2021-02-17 10:00,111836,70918,40918,106059,65566,40493,2039,1614,425,3738,3738,0,39129,24967,14162,56132,35495,20637,5686,3333,2353,37494,23153,14341,,1279,1357,5.095540240443015,3.2312092955017855,1.8643309449412289,50.955402404430146,32.31209295501785,18.64330944941229
2021-02-17,2021-02-18 08:00,115584,73040,42544,108935,66847,42088,2258,1802,456,4391,4391,0,40858,25913,14945,57715,36340,21375,5824,3391,2433,38067,23400,14667,,2122,1626,5.266308909039713,3.3278931574981025,1.9384157515416107,52.663089090397136,33.27893157498102,19.38415751541611
2021-02-18,2021-02-19 08:00,120670,76749,43921,112195,68761,43434,3135,2648,487,5340,5340,0,43142,27619,15523,59904,37768,22136,6036,3602,2434,38995,24083,14912,,3709,1377,5.498040352071413,3.4968848842390723,2.0011554678323407,54.98040352071413,34.96884884239073,20.011554678323407
2021-02-19,2021-02-20 08:00,124380,79007,45373,114861,70040,44821,3736,3184,552,5783,5783,0,44881,28819,16062,61513,38494,23019,6180,3728,2452,39683,24671,15012,,2258,1452,5.6670776414240684,3.599765261424597,2.0673123799994713,56.670776414240684,35.99765261424597,20.673123799994716
2021-02-21,2021-02-22 08:00,126572,80554,46018,115524,70058,45466,3736,3184,552,7312,7312,0,45116,28824,16292,63383,40035,23348,6204,3729,2475,40008,24677,15331,,7,279,5.76695088623836,3.6702506217018365,2.0967002645365236,57.6695088623836,36.70250621701837,20.967002645365234
2021-02-22,2021-02-23 08:00,131762,84192,47570,119629,72656,46973,3902,3305,597,8231,8231,0,47459,30396,17063,65406,41365,24041,6417,3888,2529,41194,25559,15635,,3638,1552,6.003420840885336,3.836007403013147,2.1674134378721894,60.03420840885336,38.360074030131464,21.674134378721895
2021-02-23,2021-02-24 08:00,135530,86635,48895,122789,74491,48298,3924,3327,597,8817,8817,0,49492,31774,17718,66586,41996,24590,6684,4085,2599,41968,25979,15989,,2443,1325,6.1751007617157425,3.9473168633604616,2.227783898355281,61.75100761715742,39.473168633604615,22.277838983552808
2021-02-24,2021-02-25 08:00,139122,89004,50118,125558,76105,49453,4014,3349,665,9550,9550,0,51029,32921,18108,68111,42777,25334,6903,4295,2608,42932,26746,16186,,2369,1223,6.338761662889526,4.05525469044306,2.283506972446466,63.38761662889526,40.5525469044306,22.835069724464663
2021-02-25,2021-02-26 10:00,143173,91857,51316,128354,77703,50651,4275,3610,665,10544,10544,0,53012,34401,18611,69935,43913,26022,6991,4374,2617,43502,27213,16289,,2853,1198,6.523335802826887,4.185244821581369,2.338090981245518,65.23335802826887,41.85244821581369,23.38090981245518
2021-02-26,2021-02-27 08:00,147471,95119,52352,131250,79593,51657,4527,3832,695,11694,11694,0,54809,35616,19193,71826,45432,26394,7025,4395,2630,44485,27954,16531,,3262,1036,6.719163907850529,4.333870060898986,2.3852938469515426,67.19163907850529,43.33870060898987,23.852938469515422
2021-02-28,2021-03-01 08:00,149776,97384,52392,131486,79821,51665,4560,3833,727,13730,13730,0,54925,35700,19225,73985,47583,26402,7028,4398,2630,44588,28057,16531,,0,0,6.824185727785265,4.437069376366309,2.3871163514189564,68.24185727785265,44.37069376366309,23.871163514189565
2021-03-01,2021-03-02 08:00,154274,101045,53229,134452,81984,52468,5033,4272,761,14789,14789,0,57256,37700,19556,75581,48805,26776,7123,4489,2634,45447,28719,16728,,3661,837,7.029126355145978,4.603874097746382,2.4252522573995963,70.29126355145978,46.038740977463824,24.25252257399596
2021-03-02,2021-03-03 10:00,161255,106329,54926,138775,84664,54111,5543,4728,815,16937,16937,0,60478,39905,20573,78357,51002,27355,7486,4636,2850,46817,29593,17224,,5284,1697,7.347198947321419,4.844626937891781,2.502572009429638,73.4719894732142,48.44626937891781,25.025720094296382
2021-03-03,2021-03-04 08:00,167937,111342,56595,142845,87410,55435,6658,5498,1160,18434,18434,0,63918,42613,21305,81115,52907,28208,7745,4836,2909,47411,30080,17331,,5013,1669,7.651648318602941,5.073032310270451,2.5786160083324905,76.5164831860294,50.7303231027045,25.786160083324905
2021-03-04,2021-03-05 08:00,174191,115502,58689,146657,89442,57215,7497,6023,1474,20037,20037,0,67086,44712,22374,83663,54693,28970,7995,5074,2921,48311,30382,17929,,4160,2094,7.936596892083132,5.262572774881515,2.6740241172016175,79.36596892083132,52.625727748815144,26.740241172016173
2021-03-05,2021-03-06 08:00,179117,119428,59689,148894,90821,58073,8497,6881,1616,21726,21726,0,69389,46388,23001,86014,56675,29339,8213,5287,2926,48504,30574,17930,,3926,1000,8.161038317245175,5.4414515883582055,2.719586728886969,81.61038317245175,54.41451588358206,27.195867288869692
2021-03-07,2021-03-08 08:00,183640,122621,61019,150920,91517,59403,8497,6881,1616,24223,24223,0,69777,46541,23236,89863,59697,30166,8402,5342,3060,49330,30629,18701,,446,0,8.367118009898022,5.5869330074695345,2.780185002428487,83.67118009898022,55.86933007469535,27.80185002428487
2021-03-08,2021-03-09 08:00,190643,128040,62603,154555,93635,60920,8614,6931,1683,27474,27474,0,72495,48525,23970,92855,62252,30603,9218,5991,3227,50405,31275,19130,,5419,1584,8.68619297953054,5.833836800192457,2.8523561793380847,86.86192979530541,58.338368001924565,28.523561793380846
2021-03-09,2021-03-10 08:00,196059,132389,63670,157940,95953,61987,8702,7019,1683,29417,29417,0,75393,50699,24694,94886,64085,30801,9572,6250,3322,50722,31457,19265,,4349,1067,8.932960084418406,6.031988598412052,2.900971486006355,89.32960084418407,60.31988598412052,29.00971486006355
2021-03-10,2021-03-11 08:00,202848,137976,64872,162109,98931,63178,8873,7179,1694,31866,31866,0,78989,53669,25320,97197,66053,31144,10152,6740,3412,51252,31768,19484,,5587,1202,9.24228465515026,6.286546909898112,2.955737745252148,92.42284655150262,62.86546909898113,29.55737745252148
2021-03-11,2021-03-12 08:00,210183,143478,66705,167018,102007,65011,8923,7229,1694,34242,34242,0,82734,56471,26263,99440,67939,31501,10799,7250,3549,52675,32387,20288,,5502,1833,9.576486411862318,6.537232399390919,3.0392540124713983,95.76486411862317,65.37232399390919,30.39254012471398
2021-03-12,2021-03-13 08:00,219171,150775,68396,171252,104550,66702,9621,7927,1694,38298,38298,0,86239,59469,26770,103908,71670,32238,11242,7681,3561,53524,32579,20945,,7297,1691,9.98600316569026,6.869702776858931,3.1163003888313283,99.86003165690259,68.69702776858932,31.16300388831328
2021-03-14,2021-03-15 08:00,223984,155562,68422,171578,104850,66728,9714,8020,1694,42692,42692,0,87277,60501,26776,107199,74941,32258,11726,8165,3561,53525,32580,20945,,1647,6,10.205296015731859,7.087810998996711,3.1174850167351473,102.05296015731858,70.87810998996711,31.174850167351472
2021-03-15,2021-03-16 08:00,231603,161437,70166,176092,107623,68469,10144,8447,1697,45367,45367,0,92444,64351,28093,108610,76096,32514,12305,8695,3610,54263,32953,21310,,5875,1744,10.552437554162555,7.355491342648153,3.196946211514401,105.52437554162555,73.55491342648153,31.969462115144008
2021-03-16,2021-03-17 08:00,238781,166659,72122,182712,112287,70425,10571,8874,1697,45498,45498,0,97387,67879,29508,109586,76691,32895,12938,9300,3638,54848,33264,21584,,5222,1956,10.87948598084001,7.593419300869061,3.286066679970949,108.7948598084001,75.93419300869061,32.86066679970949
2021-03-17,2021-03-18 08:00,246951,173177,73774,190308,118402,71906,11145,9277,1868,45498,45498,0,102802,72199,30603,110934,77691,33243,13693,10036,3657,55623,33672,21951,,6518,1652,11.251732518309336,7.890396403834185,3.3613361144751503,112.51732518309335,78.90396403834185,33.61336114475151
2021-03-18,2021-03-19 08:00,255412,179298,76114,197043,123589,73454,12855,10195,2660,45514,45514,0,108912,76493,32419,111985,78322,33663,14502,10833,3669,56305,33917,22388,,6121,2340,11.637237775779099,8.169285149960222,3.4679526258188744,116.37237775779099,81.69285149960224,34.67952625818874
2021-03-19,2021-03-20 08:00,265255,187162,78093,204395,129417,74978,14555,11440,3115,46305,46305,0,114813,81133,33680,113484,79632,33852,16100,12194,3906,57129,34336,22793,,7864,1979,12.085710562598017,8.52758952825383,3.558121034344185,120.85710562598017,85.27589528253831,35.58121034344185
