date,publication_date,dosen_kumulativ,personen_erst_kumulativ,personen_voll_kumulativ,dosen_biontech_kumulativ,dosen_erst_biontech_kumulativ,dosen_voll_biontech_kumulativ,dosen_moderna_kumulativ,dosen_erst_moderna_kumulativ,dosen_voll_moderna_kumulativ,dosen_astrazeneca_kumulativ,dosen_erst_astrazeneca_kumulativ,dosen_voll_astrazeneca_kumulativ,indikation_alter_dosen,indikation_alter_erst,indikation_alter_voll,indikation_beruf_dosen,indikation_beruf_erst,indikation_beruf_voll,indikation_medizinisch_dosen,indikation_medizinisch_erst,indikation_medizinisch_voll,indikation_pflegeheim_dosen,indikation_pflegeheim_erst,indikation_pflegeheim_voll,dosen_differenz_zum_vortag,dosen_erst_differenz_zum_vortag,dosen_voll_differenz_zum_vortag,impf_quote_dosen,impf_quote_erst,impf_quote_voll,impf_inzidenz_dosen,impf_inzidenz_erst,impf_inzidenz_voll
2020-12-27,2020-12-28 16:15,420,420,0,420,420,0,0,0,0,0,0,0,205,205,0,87,87,0,0,,0,0,,0,,,,0.06165572032965259,0.06165572032965259,0,0.6165572032965259,0.6165572032965259,0
2020-12-28,2020-12-29 08:00,592,592,0,592,592,0,0,0,0,0,0,0,276,276,0,133,133,0,0,,0,278,278,0,174,,,0.0869052057979865,0.0869052057979865,0,0.869052057979865,0.869052057979865,0
2020-12-30,2020-12-31 08:30,1691,1691,0,1691,1691,0,0,0,0,0,0,0,821,821,0,408,408,0,5,5,0,510,510,0,601,,,0.24823767399391075,0.24823767399391075,0,2.4823767399391077,2.4823767399391077,0
2020-12-31,2021-01-01 12:30,1741,1741,0,1741,1741,0,0,0,0,0,0,0,821,821,0,408,408,0,6,6,0,237,237,0,50,,,0.2555776406998218,0.2555776406998218,0,2.555776406998218,2.555776406998218,0
2021-01-01,2021-01-02 08:00,1741,1741,0,1741,1741,0,0,0,0,0,0,0,821,821,0,408,408,0,6,6,0,237,237,0,,,,0.2555776406998218,0.2555776406998218,0,2.555776406998218,2.555776406998218,0
2021-01-02,2021-01-03 08:00,1837,1837,0,1837,1837,0,0,0,0,0,0,0,824,824,0,465,465,0,9,9,0,265,265,0,96,,,0.269670376775171,0.269670376775171,0,2.6967037677517096,2.6967037677517096,0
2021-01-03,2021-01-04 12:00,1903,1903,0,1903,1903,0,0,0,0,0,0,0,824,824,0,506,506,0,9,9,0,289,289,0,66,,,0.2793591328269735,0.2793591328269735,0,2.793591328269735,2.793591328269735,0
2021-01-04,2021-01-05 12:00,2653,2653,0,2653,2653,0,0,0,0,0,0,0,942,942,0,811,811,0,18,18,0,651,651,0,700,,,0.3894586334156388,0.3894586334156388,0,3.894586334156388,3.894586334156388,0
2021-01-05,2021-01-06 11:00,3195,3195,0,3195,3195,0,0,0,0,0,0,0,982,982,0,1062,1062,0,29,29,0,892,892,0,518,,,0.4690238725077143,0.4690238725077143,0,4.690238725077143,4.690238725077142,0
2021-01-06,2021-01-07 11:00,3825,3825,0,3825,3825,0,0,0,0,0,0,0,1018,1018,0,1397,1397,0,31,31,0,1182,1182,0,630,,,0.5615074530021932,0.5615074530021932,0,5.615074530021932,5.615074530021932,0
2021-01-07,2021-01-08 11:00,4505,4505,0,4505,4505,0,0,0,0,0,0,0,1033,1033,0,1764,1764,0,34,34,0,1491,1491,0,621,,,0.6613310002025831,0.6613310002025831,0,6.61331000202583,6.61331000202583,0
2021-01-08,2021-01-09 11:00,5291,5291,0,5291,5291,0,0,0,0,0,0,0,1054,1054,0,2103,2103,0,42,42,0,1924,1924,0,720,,,0.7767152768195044,0.7767152768195044,0,7.767152768195044,7.767152768195044,0
2021-01-10,2021-01-11 11:00,6303,6303,0,6303,6303,0,0,0,0,0,0,0,1070,1070,0,2607,2607,0,43,43,0,2426,2426,0,491,,,0.9252762029471434,0.9252762029471434,0,9.252762029471434,9.252762029471436,0
2021-01-11,2021-01-12 11:00,6999,6999,0,6999,6999,0,0,0,0,0,0,0,1073,1073,0,2993,2993,0,44,44,0,2733,2733,0,682,,,1.027448539493425,1.027448539493425,0,10.27448539493425,10.27448539493425,0
2021-01-12,2021-01-13 11:00,7753,7753,0,7753,7753,0,0,0,0,0,0,0,1104,1104,0,3346,3346,0,60,60,0,3115,3115,0,753,,,1.1381352374185632,1.1381352374185632,0,11.381352374185632,11.381352374185632,0
2021-01-13,2021-01-14 11:00,8890,8890,0,8890,8890,0,0,0,0,0,0,0,1181,1181,0,4066,4066,0,88,88,0,3420,3420,0,1137,,,1.3050460803109798,1.3050460803109798,0,13.050460803109797,13.050460803109797,0
2021-01-14,2021-01-15 11:00,10134,10134,0,10134,10134,0,0,0,0,0,0,0,1197,1197,0,4786,4786,0,89,89,0,3927,3927,0,1099,,,1.4876644519540458,1.4876644519540458,0,14.87664451954046,14.87664451954046,0
2021-01-15,2021-01-16 11:00,11033,11033,0,11033,11033,0,0,0,0,0,0,0,1246,1246,0,5427,5427,0,89,89,0,4135,4135,0,899,,,1.619637053326326,1.619637053326326,0,16.196370533263263,16.196370533263263,0
2021-01-17,2021-01-18 11:00,11845,11845,0,11845,11845,0,0,0,0,0,0,0,1313,1313,0,5751,5751,0,100,100,0,4533,4533,0,,394,0,1.7388381126303212,1.7388381126303212,0,17.388381126303212,17.388381126303212,0
2021-01-18,2021-01-19 14:00,13256,12866,390,12823,12433,390,433,433,0,0,0,0,1484,1457,27,6522,6384,138,106,101,5,5023,4866,157,,614,318,1.9459719730711302,1.8887202327650243,0.05725174030610597,19.459719730711303,18.887202327650243,0.5725174030610597
2021-01-19,2021-01-20 10:00,13513,12799,714,12340,11626,714,1173,1173,0,0,0,0,1537,1502,35,6253,6026,227,108,103,5,5390,5085,305,,461,324,1.9836994019395129,1.8788846773791033,0.1048147245604094,19.836994019395128,18.788846773791033,1.048147245604094
2021-01-20,2021-01-21 10:00,14463,13224,1239,13288,12049,1239,1175,1175,0,0,0,0,1673,1562,111,6632,6198,434,110,104,6,5717,5215,502,,415,519,2.1231587693518224,1.941274394379347,0.18188437497247512,21.23158769351822,19.412743943793473,1.8188437497247512
2021-01-21,2021-01-22 10:00,15599,13837,1762,14341,12579,1762,1258,1258,0,0,0,0,1937,1723,214,7033,6473,560,113,107,6,6209,5411,798,,613,524,2.289922812910121,2.0312623861938164,0.2586604267163044,22.899228129101207,20.312623861938164,2.586604267163044
2021-01-22,2021-01-23 10:00,16435,14664,1771,15177,13406,1771,1258,1258,0,0,0,0,2208,1994,214,7265,6697,568,123,116,7,6550,5752,798,,827,9,2.4126470562329527,2.1526654355095842,0.2599816207233684,24.12647056232953,21.526654355095847,2.599816207233684
2021-01-24,2021-01-25 10:00,17447,15583,1864,16556,14692,1864,1258,1258,0,0,0,0,2859,2640,219,7684,7061,623,131,122,9,6925,6093,832,,486,69,2.561207982360592,2.2875740235642295,0.2736339587963629,25.61207982360592,22.87574023564229,2.736339587963629
2021-01-25,2021-01-26 10:00,18597,16475,2122,17339,15217,2122,1258,1258,0,0,0,0,3233,2999,234,7874,7181,693,139,129,10,7012,6132,880,,525,258,2.7300272165965453,2.418519029597682,0.3115081869988638,27.300272165965456,24.185190295976817,3.1150818699886376
2021-01-26,2021-01-27 10:00,19825,17072,2753,18567,15814,2753,1258,1258,0,0,0,0,3669,3336,333,8276,7319,957,140,129,11,7339,6253,1086,,585,631,2.9102967988937203,2.506158232066259,0.40413856682746085,29.102967988937202,25.061582320662595,4.041385668274609
2021-01-27,2021-01-28 10:00,20798,17595,3203,19540,16337,3203,1258,1258,0,0,0,0,4119,3718,401,8588,7443,1145,147,135,12,7495,6263,1232,,523,450,3.0531325509907488,2.5829342838100886,0.47019826718066005,30.531325509907486,25.829342838100885,4.701982671806601
2021-01-28,2021-01-29 10:00,21985,18145,3840,20728,16888,3840,1257,1257,0,0,0,0,9009,7647,1362,9105,7598,1507,154,137,17,7857,6379,1478,,542,636,3.2273833605890765,2.66367391757511,0.5637094430139665,32.273833605890765,26.6367391757511,5.637094430139665
2021-01-29,2021-01-30 10:00,22652,18525,4127,21395,17268,4127,1257,1257,0,0,0,0,9261,7852,1409,9453,7764,1689,158,137,21,7958,6387,1571,,369,278,3.325298516445929,2.7194576645400335,0.6058408519058958,33.2529851644593,27.194576645400335,6.058408519058958
2021-01-31,2021-02-01 10:00,24656,19415,5241,23399,18158,5241,1257,1257,0,0,0,0,10277,8402,1875,10196,7996,2200,162,139,23,8815,6764,2051,,349,462,3.619484382018843,2.85010907190525,0.7693753101135933,36.19484382018843,28.5010907190525,7.6937531011359335
2021-02-01,2021-02-02 10:00,25682,19764,5918,24425,18507,5918,1257,1257,0,0,0,0,10708,8606,2102,10630,8081,2549,170,147,23,9191,6825,2366,,348,677,3.7701004988241373,2.901342039512509,0.8687584593116285,37.70100498824137,29.013420395125088,8.687584593116286
2021-02-02,2021-02-03 10:00,26633,20029,6604,25376,18772,6604,1257,1257,0,0,0,0,11080,8779,2301,11028,8109,2919,188,156,32,9591,6931,2660,,266,685,3.909706665570565,2.940243863053837,0.9694628025167278,39.09706665570565,29.402438630538374,9.694628025167278
2021-02-03,2021-02-04 10:00,27739,20384,7355,26482,19127,7355,1257,1257,0,0,0,0,11569,8985,2584,11516,8235,3281,224,164,60,9955,6957,2998,,351,751,4.072066729105317,2.992357626665805,1.0797091024395113,40.72066729105317,29.923576266658053,10.797091024395113
2021-02-04,2021-02-05 10:00,28986,20778,8208,27729,19521,8208,1257,1257,0,0,0,0,12178,9244,2934,11941,8320,3621,236,173,63,10465,7031,3434,,394,820,4.255125498750738,3.050196564308384,1.2049289344423535,42.55125498750738,30.501965643083842,12.049289344423533
2021-02-05,2021-02-06 10:00,30124,21290,8834,28867,20033,8834,1257,1257,0,0,0,0,12690,9580,3110,12371,8460,3911,242,178,64,10831,7132,3699,,506,620,4.422183140977273,3.1253578233769135,1.2968253176003595,44.221831409772726,31.253578233769133,12.968253176003593
2021-02-07,2021-02-08 11:00,31595,22090,9505,30338,20833,9505,1257,1257,0,0,0,0,13544,10172,3372,12850,8594,4256,250,180,70,11248,7290,3958,,242,374,4.6381249614651745,3.24279729067149,1.3953276707936852,46.38124961465175,32.42797290671489,13.953276707936853
2021-02-08,2021-02-09 10:00,32424,22435,9989,31152,21163,9989,1257,1257,0,15,15,0,14037,10423,3614,13056,8656,4400,255,182,73,11526,7336,4190,,343,484,4.75982160944918,3.2934430609422756,1.4663785485069039,47.5982160944918,32.934430609422755,14.66378548506904
2021-02-09,2021-02-10 10:00,33421,22764,10657,32145,21488,10657,1257,1257,0,19,19,0,14593,10652,3941,13406,8749,4657,257,182,75,11848,7356,4492,,328,668,4.906180545565046,3.3417400418671703,1.5644405036978752,49.06180545565045,33.417400418671704,15.644405036978752
2021-02-10,2021-02-11 10:00,34513,23132,11381,32807,21801,11006,1644,1269,375,62,62,0,15407,11192,4215,13967,8852,5115,262,187,75,12070,7429,4641,,420,726,5.066485418422142,3.395762196822675,1.670723221599467,50.66485418422142,33.95762196822675,16.70723221599467
2021-02-11,2021-02-12 10:00,35776,23584,12192,33559,22097,11462,2044,1314,730,173,173,0,15886,11441,4445,14683,9027,5656,279,201,78,12232,7443,4789,,447,812,5.251892977413455,3.4621154958441105,1.7897774815693435,52.51892977413454,34.62115495844111,17.897774815693435
2021-02-12,2021-02-13 08:00,37142,24004,13138,34374,22391,11983,2534,1379,1155,234,234,0,16316,11653,4663,15560,9218,6342,287,206,81,12365,7453,4912,,419,946,5.452420867818944,3.5237712161737633,1.92864965164518,54.52420867818944,35.23771216173763,19.286496516451802
2021-02-14,2021-02-15 08:00,39495,25045,14450,36179,22884,13295,2534,1379,1155,782,782,0,17462,12071,5391,16481,9778,6703,316,224,92,12966,7497,5469,,436,573,5.797839700999116,3.676589322990831,2.1212503780082854,57.97839700999116,36.76589322990831,21.212503780082855
2021-02-15,2021-02-16 08:00,40592,25430,15162,37140,23133,14007,2534,1379,1155,918,918,0,18139,12256,5883,16807,9947,6860,341,248,93,13192,7509,5683,,385,712,5.958878570526804,3.7331070666263457,2.225771503900458,59.58878570526804,37.33107066626346,22.257715039004584
2021-02-16,2021-02-17 10:00,41861,26078,15783,38121,23496,14625,2678,1520,1158,1062,1062,0,18802,12501,6301,17287,10298,6989,357,258,99,13425,7564,5861,,640,615,6.145166925522826,3.8282330351349527,2.3169338903878733,61.45166925522826,38.28233035134953,23.16933890387873
2021-02-17,2021-02-18 08:00,43124,26869,16255,39078,23991,15087,2829,1661,1168,1217,1217,0,19489,12890,6599,17839,10691,7148,367,260,107,13450,7569,5881,,790,473,6.3305744845141385,3.9443513084224646,2.3862231760916734,63.30574484514138,39.44351308422465,23.862231760916732
2021-02-18,2021-02-19 08:00,44425,27604,16821,40014,24444,15570,3057,1806,1251,1354,1354,0,20156,13207,6949,18456,11099,7357,371,262,109,13460,7575,5885,,728,566,6.521560418201943,4.052248818999357,2.469311599202586,65.21560418201943,40.52248818999357,24.69311599202586
2021-02-19,2021-02-20 08:00,45792,28443,17349,41012,24916,16096,3184,1931,1253,1596,1596,0,20811,13536,7275,19084,11561,7523,394,285,109,13565,7603,5962,,837,529,6.72223510794155,4.175413460324544,2.5468216476170062,67.2223510794155,41.75413460324544,25.468216476170063
2021-02-21,2021-02-22 08:00,47719,29706,18013,42527,25767,16760,3184,1931,1253,2008,2008,0,21821,14116,7705,19962,12232,7730,400,290,110,13679,7608,6071,,556,187,7.005117424787361,4.360821019315857,2.6442964054715046,70.05117424787362,43.60821019315856,26.44296405471505
2021-02-22,2021-02-23 08:00,48974,30364,18610,43571,26214,17357,3184,1931,1253,2219,2219,0,22462,14448,8014,20423,12498,7925,419,303,116,13986,7654,6332,,655,597,7.189350589105728,4.457414981165646,2.7319356079400823,71.89350589105727,44.574149811656454,27.319356079400823
2021-02-23,2021-02-24 08:00,50110,31189,18921,44524,26856,17668,3184,1931,1253,2402,2402,0,23070,14876,8194,20843,12819,8024,495,369,126,14048,7680,6368,,824,311,7.356114632664026,4.578524431813177,2.777590200850849,73.56114632664027,45.785244318131774,27.77590200850849
2021-02-24,2021-02-25 08:00,51223,32009,19214,45359,27398,17961,3184,1931,1253,2680,2680,0,23650,15269,8381,21231,13155,8076,595,458,137,14103,7682,6421,,822,294,7.519502291537606,4.698899885790118,2.8206024057474877,75.19502291537606,46.98899885790118,28.206024057474874
2021-02-25,2021-02-26 10:00,52265,32768,19497,46153,27909,18244,3184,1931,1253,2928,2928,0,24231,15681,8550,21629,13440,8189,623,485,138,14132,7709,6423,,759,284,7.672467197688792,4.810320580385848,2.862146617302944,76.72467197688792,48.10320580385847,28.62146617302944
2021-02-26,2021-02-27 08:00,54175,34219,19956,47172,28469,18703,3184,1931,1253,3819,3819,0,24984,16122,8862,22589,14300,8289,651,505,146,14404,7849,6555,,1452,459,7.952853925854592,5.023326414191385,2.929527511663207,79.52853925854592,50.23326414191385,29.29527511663207
2021-02-28,2021-03-01 08:00,57164,36194,20970,49104,29387,19717,3184,1931,1253,4876,4876,0,26361,16855,9506,23994,15434,8560,661,511,150,14860,8016,6844,,824,549,8.391637135533953,5.313255099074871,3.078382036459083,83.91637135533954,53.132550990748705,30.783820364590827
2021-03-01,2021-03-02 08:00,58905,37600,21305,49954,29902,20052,3184,1931,1253,5767,5767,0,26798,17056,9742,25239,16588,8651,678,523,155,14875,8026,6849,,1410,335,8.647214776233776,5.519654962845088,3.127559813388686,86.47214776233776,55.19654962845089,31.275598133886863
2021-03-02,2021-03-03 10:00,61217,39594,21623,51014,30644,20370,3304,2051,1253,6899,6899,0,27536,17560,9976,26660,17934,8726,781,623,158,14926,8070,6856,,1958,314,8.9866148367151,5.81237283507682,3.1742420016382806,89.86614836715101,58.123728350768204,31.742420016382805
2021-03-03,2021-03-04 08:00,63688,41743,21945,52182,31490,20692,3422,2169,1253,8084,8084,0,28459,18259,10200,28095,19299,8796,888,727,161,14984,8073,6911,,2149,323,9.349355991321223,6.127844604096875,3.2215113872243477,93.49355991321224,61.27844604096876,32.21511387224348
2021-03-04,2021-03-05 08:00,65814,43573,22241,53085,32097,20988,3622,2369,1253,9107,9107,0,29274,18850,10424,29329,20474,8855,1049,886,163,14996,8079,6917,,1830,296,9.66145137565656,6.396487385533218,3.264963990123341,96.6145137565656,63.96487385533219,32.64963990123341
2021-03-05,2021-03-06 08:00,67968,45460,22508,53998,32744,21254,3798,2544,1254,10172,10172,0,30098,19475,10623,30498,21585,8913,1119,955,164,15106,8186,6920,,1887,267,9.977657141347207,6.673497729014301,3.3041594123329054,99.77657141347207,66.73497729014301,33.041594123329055
2021-03-07,2021-03-08 08:00,71369,48323,23046,55593,33801,21792,4028,2774,1254,11748,11748,0,31679,20634,11045,32223,23234,8989,1168,1004,164,15226,8209,7017,,1191,298,10.476921676683274,7.093784222594766,3.3831374540885086,104.76921676683274,70.93784222594766,33.83137454088508
2021-03-08,2021-03-09 08:00,73312,49968,23344,56345,34255,22090,4138,2884,1254,12829,12829,0,32396,21121,11275,33359,24314,9045,1191,1025,166,15292,8262,7030,,1646,299,10.762152782874978,7.335269127219239,3.426883655655738,107.62152782874976,73.35269127219239,34.26883655655738
2021-03-09,2021-03-10 08:00,75543,51911,23632,57429,35051,22378,4248,2994,1254,13866,13866,0,33417,21948,11469,34449,25341,9108,1209,1039,170,15413,8352,7061,,1945,288,11.089662097292727,7.620500233410941,3.4691618638817854,110.89662097292727,76.20500233410941,34.69161863881786
2021-03-10,2021-03-11 08:00,77764,53856,23908,58506,35852,22654,4248,2994,1254,15010,15010,0,34351,22663,11688,35626,26469,9157,1244,1072,172,15520,8429,7091,,1945,276,11.415703418369294,7.906024938270879,3.5096784800984144,114.15703418369294,79.0602493827088,35.096784800984146
2021-03-11,2021-03-12 08:00,80087,55738,24349,59648,36553,23095,4248,2994,1254,16191,16191,0,35309,23281,12028,36868,27625,9243,1313,1138,175,15597,8476,7121,,1885,441,11.756718271525921,8.18230128508137,3.5744169864445494,117.56718271525921,81.82301285081371,35.744169864445496
2021-03-12,2021-03-13 08:00,82438,57609,24829,60683,37164,23519,4347,3037,1310,17408,17408,0,36155,23818,12337,38162,28759,9403,1505,1327,178,15629,8495,7134,,1852,480,12.101843506037856,8.456962839216562,3.644880666821295,121.01843506037856,84.56962839216561,36.44880666821295
2021-03-14,2021-03-15 08:00,85720,60139,25581,62408,38137,24271,4347,3037,1310,18965,18965,0,37575,24673,12902,39881,30308,9573,1549,1371,178,15760,8602,7158,,903,269,12.583638920613856,8.828365154535659,3.755273766078197,125.83638920613856,88.28365154535659,37.55273766078197
2021-03-15,2021-03-16 08:00,87671,61555,26116,63361,38555,24806,4347,3037,1310,19963,19963,0,38200,24893,13307,41099,31416,9683,1585,1400,185,15820,8650,7170,,1416,535,12.870044421478504,9.03623301164706,3.8338114098314455,128.70044421478505,90.36233011647059,38.33811409831445
2021-03-16,2021-03-17 08:00,89578,62780,26798,65070,39731,25339,4545,3086,1459,19963,19963,0,39150,25472,13678,41997,32037,9960,1631,1417,214,15835,8655,7180,,1177,683,13.149990751641951,9.216062195941879,3.933928555700071,131.4999075164195,92.16062195941879,39.339285557000714
2021-03-17,2021-03-18 08:00,91460,63921,27539,66823,40871,25952,4674,3087,1587,19963,19963,0,40124,26040,14084,42846,32590,10256,1688,1432,256,15840,8656,7184,,1144,741,13.426267098452442,9.383560236170768,4.042706862281673,134.26267098452442,93.83560236170769,40.427068622816726
